
/	CG-5 SOFTWARE VER.:  4.1
/	CG-5 SETUP PARAMETERS
/	Gref:		0.000   
/	Gcal1:		8239.837
/	TiltxS:		656.891 
/	TiltyS:		667.888 
/	TiltxO:		6.131   
/	TiltyO:		64.468  
/	Tempco:		-0.128  
/	Drift:		0.319   
/	DriftTime Start:	02:52:49
/	DriftDate Start:	2023/05/26

/	CG-5 OPTIONS
/	Tide Correction:    YES
/	Cont. Tilt:         YES
/	Auto Rejection:     YES
/	Terrain Corr.:       NO
/	Seismic Filter:      NO
/	Raw Data:            NO

/	CG-5 SURVEY
/	Survey name:   	e230706b
/	Instrument S/N:	40236
/	Client:        	bev
/	Operator:      	butta
/	Date:          	2023/ 7/ 6
/	Time:          	07:41:14
/	LONG:        	14.9301271 E
/	LAT:         	47.8081779 N
/	ZONE:        	0       
/	GMT DIFF.:   	0.0 

/	Note:   	0-071-0a 46.8 46.8
47.8079262  14.9299870  540.3000   6208.309 0.005    0.0   -2.9 216.94 -0.027  80   0 08:25:03     45082.35017    0.0000  2023/07/06
47.8079262  14.9299870  540.3000   6208.309 0.004   -0.2   -3.0 216.94 -0.026  80   0 08:26:35     45082.35123    0.0000  2023/07/06
47.8079262  14.9299870  540.3000   6208.308 0.005   -0.5   -3.1 216.94 -0.025  80   0 08:28:02     45082.35224    0.0000  2023/07/06
47.8079262  14.9299870  540.3000   6208.310 0.006   -0.6   -3.1 216.94 -0.024  80   0 08:29:29     45082.35324    0.0000  2023/07/06
47.8079262  14.9299870  540.3000   6208.308 0.004   -0.6   -3.1 216.93 -0.023  80   0 08:30:57     45082.35426    0.0000  2023/07/06
/	Note:   	958
/	Note:   	0-071-01 46.5 46.3
47.8079262  14.9299870  540.3000   6208.305 0.004   -5.6   -1.0 216.93 -0.019  80   0 08:37:24     45082.35873    0.0000  2023/07/06
47.8079262  14.9299870  540.3000   6208.307 0.005   -5.5   -1.6 216.93 -0.018  80   0 08:38:56     45082.35979    0.0000  2023/07/06
47.8079262  14.9299870  540.3000   6208.306 0.005   -5.3   -2.0 216.93 -0.017  80   0 08:40:23     45082.36080    0.0000  2023/07/06
47.8079262  14.9299870  540.3000   6208.306 0.005   -5.3   -2.2 216.93 -0.016  80   0 08:41:50     45082.36180    0.0000  2023/07/06
47.8079262  14.9299870  540.3000   6208.305 0.004   -5.2   -2.4 216.93 -0.016  80   0 08:43:18     45082.36282    0.0000  2023/07/06
/	Note:   	958.6
/	Note:   	0-101-0a 46.7
47.7193832  14.9166670  1504.5000   6010.660 0.004   -1.7   -1.8 217.39 0.009  80   0 09:27:37     45082.39355    0.0000  2023/07/06
47.7193832  14.9166670  1504.5000   6010.657 0.003   -1.5   -2.5 217.35 0.010  80   0 09:29:09     45082.39461    0.0000  2023/07/06
47.7193832  14.9166670  1504.5000   6010.657 0.005   -1.3   -3.0 217.31 0.011  80   1 09:30:36     45082.39562    0.0000  2023/07/06
47.7193832  14.9166670  1504.5000   6010.657 0.005   -1.1   -3.3 217.26 0.012  80   0 09:32:03     45082.39662    0.0000  2023/07/06
47.7193832  14.9166670  1504.5000   6010.657 0.004   -1.2   -3.6 217.22 0.013  80   0 09:33:31     45082.39764    0.0000  2023/07/06
/	Note:   	855
/	Note:   	0-101-30 46.8 46.5
47.7193832  14.9166670  1504.5000   6010.659 0.005   -2.5   -0.3 217.02 0.022  80   0 09:46:24     45082.40657    0.0000  2023/07/06
47.7193832  14.9166670  1504.5000   6010.659 0.004   -2.2   -1.2 217.01 0.023  80   0 09:47:56     45082.40763    0.0000  2023/07/06
47.7193832  14.9166670  1504.5000   6010.657 0.005   -2.0   -1.8 217.01 0.024  80   0 09:49:23     45082.40864    0.0000  2023/07/06
47.7193832  14.9166670  1504.5000   6010.658 0.005   -2.1   -1.9 217.00 0.025  80   0 09:50:50     45082.40964    0.0000  2023/07/06
47.7193832  14.9166670  1504.5000   6010.658 0.004   -2.0   -2.1 216.99 0.026  80   0 09:52:18     45082.41066    0.0000  2023/07/06
/	Note:   	856
/	Note:   	0-071-0a 46.8 46.8
47.8079262  14.9299870  540.3000   6208.321 0.005   -0.4   -0.4 217.35 0.048  80   0 10:25:08     45082.43343    0.0000  2023/07/06
47.8079262  14.9299870  540.3000   6208.321 0.006    1.0   -0.7 217.34 0.049  80   1 10:26:40     45082.43449    0.0000  2023/07/06
47.8079262  14.9299870  540.3000   6208.318 0.006    2.2   -1.1 217.31 0.050  80   0 10:28:07     45082.43549    0.0000  2023/07/06
47.8079262  14.9299870  540.3000   6208.316 0.005    2.9   -1.4 217.28 0.051  80   0 10:29:34     45082.43650    0.0000  2023/07/06
47.8079262  14.9299870  540.3000   6208.316 0.005    3.5   -1.6 217.23 0.052  80   0 10:31:02     45082.43752    0.0000  2023/07/06
/	Note:   	958
/	Note:   	0-071-01 46.5 46.3
47.8079262  14.9299870  540.3000   6208.321 0.006   -2.7   -1.6 216.98 0.061  80   0 10:45:48     45082.44775    0.0000  2023/07/06
47.8079262  14.9299870  540.3000   6208.319 0.005   -2.5   -2.4 216.97 0.062  80   0 10:47:20     45082.44882    0.0000  2023/07/06
47.8079262  14.9299870  540.3000   6208.319 0.005   -2.4   -2.9 216.96 0.063  80   0 10:48:47     45082.44982    0.0000  2023/07/06
47.8079262  14.9299870  540.3000   6208.319 0.006   -2.3   -3.2 216.96 0.063  80   0 10:50:14     45082.45083    0.0000  2023/07/06
47.8079262  14.9299870  540.3000   6208.318 0.007   -2.3   -3.5 216.95 0.065  80   0 10:51:42     45082.45185    0.0000  2023/07/06
/	Note:   	957
/	Note:   	0-101-0a 46.7
47.7193947  14.9165325  1466.0000   6010.680 0.006   -0.2    1.6 217.37 0.083  80   0 11:24:22     45082.47449    0.0000  2023/07/06
47.7193947  14.9165325  1466.0000   6010.681 0.004   -0.2    1.2 217.37 0.083  80   0 11:25:54     45082.47556    0.0000  2023/07/06
47.7193947  14.9165325  1466.0000   6010.678 0.005   -0.1    0.5 217.34 0.084  80   0 11:27:21     45082.47656    0.0000  2023/07/06
47.7193947  14.9165325  1466.0000   6010.675 0.004   -0.1    0.0 217.31 0.085  80   0 11:28:48     45082.47757    0.0000  2023/07/06
47.7193947  14.9165325  1466.0000   6010.674 0.005    0.0   -0.2 217.27 0.085  80   0 11:30:16     45082.47858    0.0000  2023/07/06
/	Note:   	856
/	Note:   	0-101-30 46.8 46.5
47.7193947  14.9165325  1466.0000   6010.674 0.005   -0.8   -0.4 217.00 0.093  80   0 11:46:38     45082.48993    0.0000  2023/07/06
47.7193947  14.9165325  1466.0000   6010.676 0.004   -0.6   -1.3 216.99 0.093  80   2 11:48:10     45082.49100    0.0000  2023/07/06
47.7193947  14.9165325  1466.0000   6010.674 0.005   -0.5   -1.9 216.99 0.094  80   0 11:49:37     45082.49200    0.0000  2023/07/06
47.7193947  14.9165325  1466.0000   6010.673 0.004   -0.4   -2.2 216.98 0.094  80   0 11:51:04     45082.49301    0.0000  2023/07/06
47.7193947  14.9165325  1466.0000   6010.674 0.005   -0.5   -2.4 216.97 0.095  80   0 11:52:32     45082.49402    0.0000  2023/07/06
/	Note:   	856
/	Note:   	0-071-0a 46.8 46.8
47.8080406  14.9301538  560.3000   6208.359 0.006    1.1   -2.1 217.43 0.105  80   0 12:25:00     45082.51653    0.0000  2023/07/06
47.8080406  14.9301538  560.3000   6208.356 0.006    3.0   -2.5 217.41 0.106  80   0 12:26:32     45082.51760    0.0000  2023/07/06
47.8080406  14.9301538  560.3000   6208.354 0.005    4.2   -2.9 217.38 0.106  80   0 12:27:59     45082.51860    0.0000  2023/07/06
47.8080406  14.9301538  560.3000   6208.351 0.005    5.1   -3.1 217.33 0.106  80   0 12:29:26     45082.51961    0.0000  2023/07/06
47.8080406  14.9301538  560.3000   6208.348 0.006    5.6   -3.3 217.28 0.107  80   0 12:30:54     45082.52062    0.0000  2023/07/06
/	Note:   	958
/	Note:   	0-071-01 46.6 46.4
47.8080406  14.9301538  560.3000   6208.339 0.004   -3.6   -1.1 216.98 0.110  80   0 12:48:23     45082.53275    0.0000  2023/07/06
47.8080406  14.9301538  560.3000   6208.339 0.004   -3.7   -2.2 216.99 0.110  80   0 12:49:55     45082.53381    0.0000  2023/07/06
47.8080406  14.9301538  560.3000   6208.337 0.005   -3.7   -2.9 216.99 0.110  80   0 12:51:22     45082.53481    0.0000  2023/07/06
47.8080406  14.9301538  560.3000   6208.337 0.004   -3.8   -3.4 216.99 0.110  80   0 12:52:49     45082.53582    0.0000  2023/07/06
47.8080406  14.9301538  560.3000   6208.337 0.006   -3.9   -3.8 216.99 0.110  80   0 12:54:17     45082.53684    0.0000  2023/07/06
/	Note:   	958
/	Note:   	0-101-0a 46.7
47.7194099  14.9166012  1499.9000   6010.686 0.006   -3.7    0.0 217.42 0.111  80   0 13:30:02     45082.56162    0.0000  2023/07/06
47.7194099  14.9166012  1499.9000   6010.685 0.005   -3.9   -0.2 217.41 0.111  80   0 13:31:34     45082.56269    0.0000  2023/07/06
47.7194099  14.9166012  1499.9000   6010.686 0.004   -3.7   -0.8 217.38 0.111  80   0 13:33:01     45082.56369    0.0000  2023/07/06
47.7194099  14.9166012  1499.9000   6010.684 0.005   -3.6   -1.3 217.34 0.111  80   0 13:34:28     45082.56470    0.0000  2023/07/06
47.7194099  14.9166012  1499.9000   6010.684 0.005   -3.5   -1.5 217.30 0.111  80   0 13:35:56     45082.56571    0.0000  2023/07/06
/	Note:   	855
/	Note:   	0-101-30 46.8 46.5
47.7194099  14.9166012  1499.9000   6010.679 0.005   -0.1   -1.3 217.07 0.110  80   0 13:47:02     45082.57341    0.0000  2023/07/06
47.7194099  14.9166012  1499.9000   6010.681 0.005    0.0   -2.0 217.05 0.109  80   2 13:48:34     45082.57447    0.0000  2023/07/06
47.7194099  14.9166012  1499.9000   6010.682 0.004    0.0   -2.5 217.04 0.109  80   0 13:50:01     45082.57548    0.0000  2023/07/06
47.7194099  14.9166012  1499.9000   6010.680 0.004    0.0   -2.7 217.03 0.109  80   0 13:51:28     45082.57648    0.0000  2023/07/06
47.7194099  14.9166012  1499.9000   6010.680 0.006    0.0   -2.9 217.02 0.109  80   0 13:52:56     45082.57750    0.0000  2023/07/06
/	Note:   	855
/	Note:   	0-071-0a 46.8 46.8
47.8079033  14.9299927  526.2000   6208.340 0.005   -1.4    0.2 217.34 0.099  80   0 14:28:43     45082.60231    0.0000  2023/07/06
47.8079033  14.9299927  526.2000   6208.342 0.006   -0.1    0.2 217.35 0.098  80   0 14:30:15     45082.60337    0.0000  2023/07/06
47.8079033  14.9299927  526.2000   6208.341 0.005    0.8    0.0 217.33 0.098  80   0 14:31:42     45082.60438    0.0000  2023/07/06
47.8079033  14.9299927  526.2000   6208.339 0.005    1.4   -0.3 217.30 0.097  80   0 14:33:09     45082.60538    0.0000  2023/07/06
47.8079033  14.9299927  526.2000   6208.340 0.005    1.9   -0.5 217.26 0.097  80   0 14:34:37     45082.60640    0.0000  2023/07/06
/	Note:   	958
/	Note:   	0-071-01 46.7 46.5
47.8079033  14.9299927  526.2000   6208.358 0.004   -2.2   -1.6 217.06 0.093  80   0 14:44:00     45082.61291    0.0000  2023/07/06
47.8079033  14.9299927  526.2000   6208.355 0.006   -2.2   -2.7 217.05 0.092  80   0 14:45:32     45082.61397    0.0000  2023/07/06
47.8079033  14.9299927  526.2000   6208.352 0.006   -2.3   -3.4 217.04 0.092  80   0 14:46:59     45082.61498    0.0000  2023/07/06
47.8079033  14.9299927  526.2000   6208.349 0.006   -2.3   -3.8 217.03 0.091  80   0 14:48:26     45082.61598    0.0000  2023/07/06
47.8079033  14.9299927  526.2000   6208.350 0.005   -2.4   -4.1 217.02 0.091  80   0 14:49:54     45082.61700    0.0000  2023/07/06
/	Note:   	957
