
/	CG-5 SOFTWARE VER.:  4.1
/	CG-5 SURVEY
/	Survey name:   	n221005b
/	Instrument S/N:	40601
/	Client:        	bev
/	Operator:      	bsteh
/	Date:          	2022/10/ 5
/	Time:          	04:35:25
/	LONG:        	10.7404137 E
/	LAT:         	47.2456627 N
/	ZONE:        	0       
/	GMT DIFF.:   	0.0 

/	CG-5 SETUP PARAMETERS
/	Gref:		0.000   
/	Gcal1:		8901.004
/	TiltxS:		579.580 
/	TiltyS:		573.808 
/	TiltxO:		-9.761  
/	TiltyO:		95.535  
/	Tempco:		-0.126  
/	Drift:		0.410   
/	DriftTime Start:	04:26:14
/	DriftDate Start:	2022/09/28

/	CG-5 OPTIONS
/	Tide Correction:    YES
/	Cont. Tilt:         YES
/	Auto Rejection:     YES
/	Terrain Corr.:       NO
/	Seismic Filter:      NO
/	Raw Data:            NO
Line	   0.000S
/-------LAT--------LONG-----ALT.------GRAV.---SD.--TILTX--TILTY-TEMP---TIDE---DUR-REJ-----TIME----DEC.TIME+DATE--TERRAIN---DATE
/	Note:   	0-173-02 46.5 46.2
46.8673325  11.0250998  1955.1000   6079.076 0.010   -1.1   -0.2 0.59 0.042  80   0 10:36:50     44808.44154    0.0000  2022/10/05
46.8673325  11.0250998  1955.1000   6079.077 0.012   -1.1   -1.1 0.59 0.041  80   0 10:38:22     44808.44260    0.0000  2022/10/05
46.8673325  11.0250998  1955.1000   6079.077 0.009   -1.2   -1.7 0.58 0.040  80   0 10:39:50     44808.44362    0.0000  2022/10/05
46.8673325  11.0250998  1955.1000   6079.078 0.011   -1.2   -2.1 0.57 0.039  80   0 10:41:33     44808.44481    0.0000  2022/10/05
46.8673325  11.0250998  1955.1000   6079.079 0.010   -1.4   -2.4 0.56 0.038  80   0 10:43:05     44808.44587    0.0000  2022/10/05
46.8673325  11.0250998  1955.1000   6079.078 0.012   -1.6   -2.5 0.55 0.037  80   0 10:44:33     44808.44689    0.0000  2022/10/05
/	Note:   	1-173-05 47.5 -11
46.8673325  11.0250998  1955.1000   6078.762 0.011   -7.8   -3.1 0.51 0.033  80   0 10:51:27     44808.45167    0.0000  2022/10/05
46.8673325  11.0250998  1955.1000   6078.767 0.012   -3.6   -4.1 0.50 0.032  80   0 10:53:42     44808.45323    0.0000  2022/10/05
46.8673325  11.0250998  1955.1000   6078.769 0.011   -5.9   -1.4 0.49 0.031  80   0 10:55:49     44808.45470    0.0000  2022/10/05
46.8673325  11.0250998  1955.1000   6078.770 0.010   -2.9   -4.0 0.49 0.030  80   0 10:57:46     44808.45605    0.0000  2022/10/05
46.8673325  11.0250998  1955.1000   6078.771 0.011   -5.9   -3.5 0.48 0.029  80   0 10:59:49     44808.45747    0.0000  2022/10/05
46.8673325  11.0250998  1955.1000   6078.771 0.010   -4.7   -0.7 0.48 0.027  80   0 11:01:59     44808.45898    0.0000  2022/10/05
/	Note:   	0-173-02 46.5 46.2
46.8673325  11.0250998  1955.1000   6079.075 0.011    0.5    1.9 0.47 0.024  80   0 11:07:03     44808.46249    0.0000  2022/10/05
46.8673325  11.0250998  1955.1000   6079.078 0.014    0.8    1.4 0.48 0.023  80   0 11:08:35     44808.46355    0.0000  2022/10/05
46.8673325  11.0250998  1955.1000   6079.080 0.013    0.9    0.8 0.48 0.023  80   0 11:10:03     44808.46457    0.0000  2022/10/05
46.8673325  11.0250998  1955.1000   6079.081 0.012    1.0    0.4 0.48 0.021  80   0 11:11:42     44808.46571    0.0000  2022/10/05
46.8673325  11.0250998  1955.1000   6079.082 0.011    0.9    0.2 0.48 0.021  80   0 11:13:14     44808.46678    0.0000  2022/10/05
46.8673325  11.0250998  1955.1000   6079.081 0.010    0.9    0.0 0.48 0.020  80   0 11:14:42     44808.46779    0.0000  2022/10/05
/	Note:   	1-173-05 47.5 -11
46.8673325  11.0250998  1955.1000   6078.757 0.012   -5.8   -4.7 0.48 0.016  80   0 11:20:26     44808.47177    0.0000  2022/10/05
46.8673325  11.0250998  1955.1000   6078.758 0.010   -7.0   -7.5 0.48 0.015  80   0 11:21:58     44808.47283    0.0000  2022/10/05
46.8673325  11.0250998  1955.1000   6078.761 0.011   -7.9   -9.7 0.48 0.014  80   0 11:23:26     44808.47385    0.0000  2022/10/05
46.8673325  11.0250998  1955.1000   6078.767 0.010   -3.8   -0.4 0.48 0.013  80   0 11:25:27     44808.47525    0.0000  2022/10/05
46.8673325  11.0250998  1955.1000   6078.770 0.010   -4.5   -1.6 0.48 0.012  80   2 11:26:59     44808.47631    0.0000  2022/10/05
46.8673325  11.0250998  1955.1000   6078.768 0.013   -5.1   -2.8 0.48 0.011  80   9 11:28:27     44808.47733    0.0000  2022/10/05
46.8673325  11.0250998  1955.1000   6078.770 0.012   -5.5   -0.8 0.48 0.010  80   2 11:30:21     44808.47864    0.0000  2022/10/05
46.8673325  11.0250998  1955.1000   6078.771 0.011   -6.1   -1.7 0.48 0.009  80   1 11:31:53     44808.47971    0.0000  2022/10/05
46.8673325  11.0250998  1955.1000   6078.771 0.014   -6.4   -2.5 0.48 0.008  80   0 11:33:21     44808.48072    0.0000  2022/10/05
/	Note:   	0-173-02 46.5 46.2
46.8673325  11.0250998  1955.1000   6079.053 0.014    0.0    0.0 0.48 0.005  80   0 11:37:40     44808.48372    0.0000  2022/10/05
46.8673325  11.0250998  1955.1000   6079.061 0.009    0.0   -0.4 0.48 0.005  80   0 11:39:12     44808.48478    0.0000  2022/10/05
46.8673325  11.0250998  1955.1000   6079.064 0.012    0.0   -1.1 0.49 0.003  80   1 11:40:40     44808.48580    0.0000  2022/10/05
46.8673325  11.0250998  1955.1000   6079.068 0.015    0.0   -1.6 0.49 0.002  80   0 11:42:24     44808.48700    0.0000  2022/10/05
46.8673325  11.0250998  1955.1000   6079.070 0.011   -0.3   -1.9 0.49 0.002  80   3 11:43:56     44808.48806    0.0000  2022/10/05
46.8673325  11.0250998  1955.1000   6079.070 0.010   -0.4   -2.0 0.49 0.000  80   0 11:45:24     44808.48908    0.0000  2022/10/05
/	Note:   	1-173-05 47.5 -11
46.8673325  11.0250998  1955.1000   6078.755 0.012   -9.4   -4.8 0.49 -0.003  80   7 11:51:22     44808.49321    0.0000  2022/10/05
46.8673325  11.0250998  1955.1000   6078.759 0.013  -10.7   -7.8 0.50 -0.003  80   0 11:52:54     44808.49428    0.0000  2022/10/05
46.8673325  11.0250998  1955.1000   6078.761 0.012  -11.6  -10.3 0.50 -0.004  80   0 11:54:22     44808.49529    0.0000  2022/10/05
46.8673325  11.0250998  1955.1000   6078.767 0.009   -3.1   -3.6 0.50 -0.005  80   0 11:56:10     44808.49654    0.0000  2022/10/05
46.8673325  11.0250998  1955.1000   6078.768 0.016   -4.0   -5.3 0.50 -0.006  80   0 11:57:42     44808.49761    0.0000  2022/10/05
46.8673325  11.0250998  1955.1000   6078.768 0.010   -4.9   -7.0 0.50 -0.007  80   0 11:59:10     44808.49862    0.0000  2022/10/05
/	Note:   	0-173-02 46.5 46.2
46.8673325  11.0250998  1955.1000   6079.062 0.011    2.2   -0.4 0.49 -0.010  80   0 12:03:27     44808.50159    0.0000  2022/10/05
46.8673325  11.0250998  1955.1000   6079.068 0.011    2.3   -0.7 0.50 -0.011  80   0 12:04:59     44808.50266    0.0000  2022/10/05
46.8673325  11.0250998  1955.1000   6079.070 0.010    2.4   -1.4 0.50 -0.012  80   0 12:06:27     44808.50367    0.0000  2022/10/05
46.8673325  11.0250998  1955.1000   6079.073 0.010    0.0   -2.1 0.50 -0.013  80   6 12:08:25     44808.50504    0.0000  2022/10/05
46.8673325  11.0250998  1955.1000   6079.075 0.010   -0.2   -2.3 0.50 -0.014  80   1 12:09:57     44808.50610    0.0000  2022/10/05
46.8673325  11.0250998  1955.1000   6079.075 0.011   -0.4   -2.4 0.50 -0.015  80   0 12:11:25     44808.50712    0.0000  2022/10/05
