N
5 BEV
1
2020 05 27
utc
0-059-21   07.03 6209.284   46.7  46.2  -0.062
2-059-23   07.16 6209.433   46.3  46.0  -0.059
2-059-32   07.29 6204.986   46.9  46.4  -0.055
2-059-38   07.38 6199.786   46.4  45.9  -0.052
2-059-32   08.02 6205.001   46.9  46.4  -0.044
2-059-23   08.11 6209.426   46.3  46.0  -0.040
2-059-32   08.19 6205.003   46.9  46.4  -0.037
2-059-38   08.31 6199.722   46.4  45.9  -0.032
2-059-32   08.38 6205.005   46.9  46.4  -0.029
2-059-23   08.45 6209.427   46.3  46.0  -0.026
0-059-21   08.57 6209.284   46.7  46.2  -0.020
end
