N
5 BEV
1
2020 07 01
utc
0-059-20   07.25 6345.369   46.5  46.0
1-040-13   08.27 6323.342   46.3  46.0
T   7  40  09.11 6315.089   41.8  41.8
T  10 40A3 09.53 6282.003   60.7  60.7
T2010  40  10.07 6275.127   46.3  46.3
T  10 40A3 10.19 6282.004   60.7  60.7
T   7  40  10.50 6315.059   42.1  42.1
T  10 40A3 11.20 6281.971   60.8  60.8
T2010  40  11.31 6275.115   46.2  46.2
T  10 40A3 11.44 6281.981   60.7  60.7
T   7  40  12.16 6315.026   42.3  42.3
1-040-13   13.18 6323.302   46.3  46.0
0-059-20   14.13 6345.344   46.5  46.0
end
N
5 BEV
2
2020 07 01
utc
0-059-20   07.25 6345.369   46.5  46.0
1-040-13   08.27 6323.342   46.3  46.0
T   7  40  09.11 6315.089   41.8  41.8
T  10 40A3 09.53 6282.003   60.7  60.7
T2010  40  10.07 6275.127   46.3  46.3
T  10 40A3 10.19 6282.004   60.7  60.7
T   7  40  10.50 6315.059   42.1  42.1
T  10 40A3 11.20 6281.971   60.8  60.8
T2010  40  11.31 6275.115   46.2  46.2
T  10 40A3 11.44 6281.981   60.7  60.7
T   7  40  12.16 6315.026   42.3  42.3
1-040-13   13.18 6323.302   46.3  46.0
0-059-20   14.13 6345.344   46.5  46.0
end
N
5 BEV
3
2020 07 01
utc
0-059-20   07.25 6345.369   46.5  46.0
1-040-13   08.27 6323.342   46.3  46.0
T   7  40  09.11 6315.089   41.8  41.8
T  10 40A3 09.53 6282.003   60.7  60.7
T2010  40  10.07 6275.127   46.3  46.3
T  10 40A3 10.19 6282.004   60.7  60.7
T   7  40  10.50 6315.059   42.1  42.1
T  10 40A3 11.20 6281.971   60.8  60.8
T2010  40  11.31 6275.115   46.2  46.2
T  10 40A3 11.44 6281.981   60.7  60.7
T   7  40  12.16 6315.026   42.3  42.3
1-040-13   13.18 6323.302   46.3  46.0
0-059-20   14.13 6345.344   46.5  46.0
end
