
/	CG-5 SOFTWARE VER.:  4.1

/	CG-5 SETUP PARAMETERS
/	Gref:		0.000   
/	Gcal1:		8900.000
/	TiltxS:		588.116 
/	TiltyS:		580.582 
/	TiltxO:		-12.782 
/	TiltyO:		84.319  
/	Tempco:		-0.126  
/	Drift:		0.600   
/	DriftTime Start:	06:49:19
/	DriftDate Start:	2020/06/24

/	CG-5 OPTIONS
/	Tide Correction:    YES
/	Cont. Tilt:         YES
/	Auto Rejection:     YES
/	Terrain Corr.:       NO
/	Seismic Filter:      NO
/	Raw Data:            NO

/	CG-5 SURVEY
/	Survey name:   	20200701
/	Instrument S/N:	40601
/	Client:        	bev
/	Operator:      	hellerschmied
/	Date:          	2020/ 7/ 1
/	Time:          	07:06:56
/	LONG:        	16.3733959 E
/	LAT:         	48.2188568 N
/	ZONE:        	0       
/	GMT DIFF.:   	0.0 
/	Note:   	0.059.20 46.5 46
48.2188644  16.3733826  194.3000   6345.347 0.014    3.5   -2.0 0.82 0.083 120   7 07:15:14     43982.30176    0.0000  2020/07/01
48.2188644  16.3733826  194.3000   6345.359 0.012   -0.4   -3.3 0.82 0.084 120   8 07:18:11     43982.30381    0.0000  2020/07/01
48.2188644  16.3733826  194.3000   6345.366 0.015   -0.2    0.6 0.79 0.085 120   5 07:22:15     43982.30663    0.0000  2020/07/01
48.2188644  16.3733826  194.3000   6345.369 0.012    0.1    0.5 0.78 0.085 120   5 07:24:47     43982.30838    0.0000  2020/07/01
/	Note:   	1.040.13 46.3 46.0
48.2686996  16.3244457  369.4000   6323.340 0.009   -2.3   -1.3 0.85 0.093 120  13 08:22:24     43982.34833    0.0000  2020/07/01
48.2686996  16.3244457  369.4000   6323.342 0.010   -2.7   -2.1 0.82 0.093 120  15 08:26:35     43982.35123    0.0000  2020/07/01
/	Note:   	t7.40 41.8
48.2662849  16.2917728  404.7000   6315.088 0.008   -1.7  -13.1 0.84 0.090 120  10 09:07:50     43982.37983    0.0000  2020/07/01
48.2662849  16.2917728  404.7000   6315.089 0.009   -0.9  -10.2 0.81 0.089 120   0 09:10:54     43982.38196    0.0000  2020/07/01
/	Note:   	t10.40a3 60.7
48.2662849  16.2917728  404.7000   6282.003 0.009   -0.5    1.3 0.86 0.079 120   0 09:48:54     43982.40830    0.0000  2020/07/01
48.2703857  16.2935886  551.1000   6282.003 0.007   -0.3    2.2 0.82 0.078 120   0 09:52:33     43982.41083    0.0000  2020/07/01
/	Note:   	t2010.40 46.3
48.2704086  16.2935562  550.2000   6275.128 0.010   -3.9   -5.0 0.80 0.074 120   0 10:04:17     43982.41897    0.0000  2020/07/01
48.2704086  16.2935562  550.2000   6275.127 0.010   -6.3   -5.9 0.80 0.072 120   2 10:07:15     43982.42103    0.0000  2020/07/01
/	Note:   	t10.40a3 60.7
48.2703514  16.2936916  549.9000   6282.007 0.006   -0.3   -1.1 0.78 0.069 120   0 10:16:28     43982.42742    0.0000  2020/07/01
48.2703514  16.2936916  549.9000   6282.004 0.009    1.1   -0.1 0.76 0.067 120   0 10:19:13     43982.42932    0.0000  2020/07/01
/	Note:   	t7.40 42.1
48.2703514  16.2936916  549.9000   6315.034 0.009   -2.6  -15.7 0.84 0.058 120   0 10:39:03     43982.44307    0.0000  2020/07/01
48.2703514  16.2936916  549.9000   6315.048 0.007    0.7   -9.7 0.82 0.057 120   0 10:42:15     43982.44529    0.0000  2020/07/01
48.2703514  16.2936916  549.9000   6315.057 0.010    5.2   -4.0 0.80 0.055 120   0 10:45:55     43982.44784    0.0000  2020/07/01
48.2703514  16.2936916  549.9000   6315.059 0.007   -5.3   -7.9 0.77 0.053 120   0 10:50:03     43982.45070    0.0000  2020/07/01
/	Note:   	t10.40a3 60.8
48.2703514  16.2936916  549.9000   6281.955 0.008   -0.6   -2.8 0.92 0.042 120   0 11:11:11     43982.46535    0.0000  2020/07/01
48.2704506  16.2936287  540.7000   6281.964 0.008    1.6   -3.9 0.90 0.040 120   0 11:14:30     43982.46765    0.0000  2020/07/01
48.2704430  16.2936306  540.9000   6281.969 0.008    2.9   -4.2 0.87 0.038 120   3 11:17:20     43982.46962    0.0000  2020/07/01
48.2704430  16.2936306  540.9000   6281.971 0.009    4.4   -4.2 0.85 0.037 120   3 11:20:20     43982.47170    0.0000  2020/07/01
/	Note:   	t2010.40 46.2
48.2704506  16.2935696  552.6000   6275.110 0.008   -2.7   -1.6 0.82 0.032 120   0 11:28:00     43982.47701    0.0000  2020/07/01
48.2704506  16.2935696  552.6000   6275.115 0.009   -6.3   -4.4 0.82 0.031 120   0 11:30:41     43982.47887    0.0000  2020/07/01
/	Note:   	t10.40a3 60.7
48.2703705  16.2937050  552.6000   6281.970 0.008    1.1   -1.0 0.82 0.026 120   0 11:38:22     43982.48420    0.0000  2020/07/01
48.2703781  16.2937069  552.6000   6281.978 0.008    3.6   -2.2 0.82 0.024 120   0 11:41:21     43982.48627    0.0000  2020/07/01
48.2703781  16.2937069  552.6000   6281.981 0.008   -0.5   -2.7 0.80 0.023 120   0 11:44:28     43982.48843    0.0000  2020/07/01
/	Note:   	t7.40 42.3
48.2662430  16.2915783  269.5000   6314.979 0.010    7.9  -19.2 0.89 0.012 120   0 12:03:37     43982.50171    0.0000  2020/07/01
48.2663803  16.2916927  326.2000   6315.001 0.008    4.4  -11.8 0.87 0.010 120   0 12:06:45     43982.50388    0.0000  2020/07/01
48.2663803  16.2916927  326.2000   6315.011 0.009    2.9  -15.5 0.84 0.008 120   0 12:09:54     43982.50606    0.0000  2020/07/01
48.2663803  16.2916927  326.2000   6315.019 0.008    4.0  -10.3 0.82 0.006 120   0 12:13:04     43982.50826    0.0000  2020/07/01
48.2663803  16.2916927  326.2000   6315.026 0.007    2.2  -10.3 0.79 0.004 120   0 12:16:21     43982.51054    0.0000  2020/07/01
/	Note:   	1.040.13 46.3 46.0
48.2688484  16.3244972  369.9000   6323.300 0.011    0.7   -3.3 0.91 -0.027 120  12 13:12:30     43982.54947    0.0000  2020/07/01
48.2688484  16.3244972  369.9000   6323.302 0.013    1.8   -4.6 0.88 -0.028 120   7 13:15:05     43982.55126    0.0000  2020/07/01
48.2688484  16.3244972  369.9000   6323.302 0.013    2.2   -1.4 0.84 -0.030 120  14 13:18:07     43982.55336    0.0000  2020/07/01
/	Note:   	0.059.20 46.5 46
48.2191658  16.3731613  125.3000   6345.345 0.013    0.5   -1.8 0.87 -0.054 120   1 14:09:56     43982.58929    0.0000  2020/07/01
48.2191658  16.3731613  125.3000   6345.344 0.010    1.8   -2.9 0.84 -0.055 120   0 14:13:05     43982.59147    0.0000  2020/07/01