/	CG-5 SURVEY
/	Survey name:   	20200527
/	Instrument S/N:	40601
/	Client:        	barboritsch
/	Operator:      	Default
/	Date:          	2020/ 5/27
/	Time:          	06:47:46
/	LONG:        	16.3731346 E
/	LAT:         	48.2186852 N
/	ZONE:        	0       
/	GMT DIFF.:   	0.0 

48.2188225  16.3731937  182.8000   6209.284 0.018   -2.3   -3.9 0.55 -0.062  60   0 07:03:21     43947.29352    0.0000  2020/05/27
48.2188225  16.3731937  182.8000   6209.433 0.014    3.4    2.3 0.54 -0.059  60   0 07:15:49     43947.30217    0.0000  2020/05/27
48.2188225  16.3731937  182.8000   6204.986 0.040    0.9   -4.3 0.58 -0.055  60   8 07:29:21     43947.31155    0.0000  2020/05/27
48.2188225  16.3731937  182.8000   6199.786 0.041    0.1   -0.8 0.57 -0.052  60   3 07:37:42     43947.31734    0.0000  2020/05/27
48.2188225  16.3731937  182.8000   6205.001 0.014   -1.3   -0.3 0.56 -0.044  60   4 08:01:43     43947.33399    0.0000  2020/05/27
48.2188225  16.3731937  182.8000   6209.426 0.014    1.6   -1.4 0.55 -0.040  60   1 08:11:09     43947.34053    0.0000  2020/05/27
48.2188225  16.3731937  182.8000   6205.003 0.015    1.0   -2.4 0.55 -0.037  60   2 08:18:30     43947.34563    0.0000  2020/05/27
48.2188225  16.3731937  182.8000   6199.722 0.031   -2.3    2.4 0.55 -0.032  60   4 08:31:06     43947.35436    0.0000  2020/05/27
48.2188225  16.3731937  182.8000   6205.005 0.015   -0.6   -3.0 0.55 -0.029  60   0 08:37:51     43947.35904    0.0000  2020/05/27
48.2188225  16.3731937  182.8000   6209.427 0.012   -0.6   -0.8 0.56 -0.026  60   2 08:44:43     43947.36380    0.0000  2020/05/27
48.2188225  16.3731937  182.8000   6209.284 0.017   -0.5   -3.1 0.55 -0.020  60   1 08:56:54     43947.37225    0.0000  2020/05/27